name: TCC-EXEC
channels:
  - conda-forge
  - defaults
dependencies:
  - asttokens=2.4.1=pyhd8ed1ab_0
  - bzip2=1.0.8=h2bbff1b_5
  - ca-certificates=2024.3.11=haa95532_0
  - colorama=0.4.6=pyhd8ed1ab_0
  - comm=0.2.2=pyhd8ed1ab_0
  - debugpy=1.8.1=py310h00ffb61_0
  - decorator=5.1.1=pyhd8ed1ab_0
  - exceptiongroup=1.2.0=pyhd8ed1ab_2
  - executing=2.0.1=pyhd8ed1ab_0
  - importlib-metadata=7.1.0=pyha770c72_0
  - importlib_metadata=7.1.0=hd8ed1ab_0
  - ipykernel=6.29.3=pyha63f2e9_0
  - ipython=8.22.2=pyh7428d3b_0
  - jedi=0.19.1=pyhd8ed1ab_0
  - jupyter_client=8.6.1=pyhd8ed1ab_0
  - jupyter_core=5.7.2=py310h5588dad_0
  - libffi=3.4.4=hd77b12b_0
  - libsodium=1.0.18=h8d14728_1
  - matplotlib-inline=0.1.7=pyhd8ed1ab_0
  - nest-asyncio=1.6.0=pyhd8ed1ab_0
  - openssl=3.2.1=hcfcfb64_1
  - packaging=24.0=pyhd8ed1ab_0
  - parso=0.8.4=pyhd8ed1ab_0
  - pickleshare=0.7.5=py_1003
  - pip=23.3.1=py310haa95532_0
  - platformdirs=4.2.1=pyhd8ed1ab_0
  - prompt-toolkit=3.0.42=pyha770c72_0
  - psutil=5.9.8=py310h8d17308_0
  - pure_eval=0.2.2=pyhd8ed1ab_0
  - pygments=2.17.2=pyhd8ed1ab_0
  - python=3.10.12=he1021f5_0
  - python-dateutil=2.9.0=pyhd8ed1ab_0
  - python_abi=3.10=2_cp310
  - pywin32=306=py310h00ffb61_2
  - pyzmq=26.0.2=py310h656833d_0
  - setuptools=68.2.2=py310haa95532_0
  - six=1.16.0=pyh6c4a22f_0
  - sqlite=3.41.2=h2bbff1b_0
  - stack_data=0.6.2=pyhd8ed1ab_0
  - tk=8.6.12=h2bbff1b_0
  - tornado=6.4=py310h8d17308_0
  - traitlets=5.14.3=pyhd8ed1ab_0
  - typing_extensions=4.11.0=pyha770c72_0
  - ucrt=10.0.22621.0=h57928b3_0
  - vc=14.2=h21ff451_1
  - vc14_runtime=14.38.33130=h82b7239_18
  - vs2015_runtime=14.38.33130=hcb4865c_18
  - wcwidth=0.2.13=pyhd8ed1ab_0
  - wheel=0.41.2=py310haa95532_0
  - xz=5.4.6=h8cc25b3_0
  - zeromq=4.3.5=h63175ca_1
  - zipp=3.17.0=pyhd8ed1ab_0
  - zlib=1.2.13=h8cc25b3_0
  - pip:
      - annotated-types==0.6.0
      - certifi==2024.2.2
      - cffi==1.16.0
      - charset-normalizer==3.3.2
      - contourpy==1.2.1
      - cryptography==42.0.5
      - cycler==0.12.1
      - dill==0.3.8
      - fonttools==4.51.0
      - ibm-cloud-sdk-core==3.20.0
      - ibm-platform-services==0.53.6
      - idna==3.7
      - kiwisolver==1.4.5
      - matplotlib==3.8.4
      - mpmath==1.3.0
      - numpy==1.26.4
      - pandas==2.2.2
      - pbr==6.0.0
      - pillow==10.3.0
      - pycparser==2.22
      - pydantic==2.7.1
      - pydantic-core==2.18.2
      - pyjwt==2.8.0
      - pylatexenc==2.10
      - pyparsing==3.1.2
      - pyspnego==0.10.2
      - pytz==2024.1
      - qiskit==1.0.2
      - qiskit-aer==0.14.0.1
      - qiskit-algorithms==0.3.0
      - qiskit-ibm-runtime==0.23.0
      - requests==2.31.0
      - requests-ntlm==1.2.0
      - rustworkx==0.14.2
      - scipy==1.13.0
      - sspilib==0.1.0
      - stevedore==5.2.0
      - symengine==0.11.0
      - sympy==1.12
      - tweedledum==1.1.1
      - tzdata==2024.1
      - urllib3==2.2.1
      - websocket-client==1.8.0
prefix: C:\Users\Ricar\.conda\envs\TCC-EXEC
